0.5240366722385424 0.8553644260823292
0.11320296802071084 0.8680623791423734
0.9531926618260718 0.5096591999965371
0.6871741918705359 0.14059475076812367
0.4152464658642262 0.6885284382948522
0.5557701066297125 0.6878613830129939
0.3112926991065118 0.5311968283844679
0.667620096876156 0.023584537710388487
0.5314235140477034 0.10345556031203296
0.8162590866478106 0.5516005007165944
0.8832702423218193 0.8984489526822811
0.17352612317660143 0.5104655570115674
0.4044302746416616 0.8920080746525018
0.6915436963040913 0.6859424241734562
0.0762660199960975 0.25424703410151117
0.44398712739621615 0.33146104455902436
0.7895701323730103 0.28495680107377497
0.3884861042398361 0.40559325322991435
0.15184933478010387 0.2624028180871153
0.3493831480072447 0.06077566607660778
0.8714867348856574 0.673451908430395
0.24370656432320126 0.2989609290449772
0.005800467871226456 0.7275251981827404
0.7030985656868758 0.8475725808356167
0.3180245220549437 0.1476934900911444
0.2805718927209737 0.6030837890689653
0.3524948521412933 0.9793022263403001
0.37335067516313236 0.43973624127667876
0.6078322113250199 0.5598330495967357
0.841684845988457 0.7873601528083111
0.36467088289427696 0.853279865252741
0.05840969486518388 0.144951839599329
0.3074899326621364 0.06813715127279885
0.7851549829430714 0.6156107751679509
0.06936198720369924 0.8501685306712119
0.8384911119306917 0.6236331952698829
0.22394175352338808 0.3694446730522092
0.9829325802891801 0.20600472638816703
0.050774753696571806 0.3057086542070653
0.8676014575631883 0.6582297784375539
0.6080145035007216 0.0769486107477737
0.10948689256488142 0.8583805428178878
0.2608938405912268 0.6531266200537067
0.8186191628007432 0.2934445365495397
0.834804363368266 0.950333893381063
0.9591097228812507 0.668493498113949
0.98859542660297 0.11021232848046769
0.944891358720915 0.991893599134638
0.23671225485266278 0.9353025238868514
0.7801258110916076 0.19872044422755375
0.2880500789871031 0.3730495532689989
0.8716281742856975 0.6997390586595372
0.014909592712005315 0.21951688640076694
0.3642913113350993 0.7247534666482033
0.4171964084524745 0.14843029379029715
0.48037549270900615 0.96682620790115
0.40501523427738784 0.7619930932431564
0.8796613366009516 0.8278134530890489
0.08706697381097528 0.6069846986747951
0.49984775680331395 0.5158563497827453
0.5227653594060264 0.0029750712457363715
0.685208088126838 0.35191503615077513
0.5727470833898196 0.08905723278240463
0.6664017618362446 0.9051266271724732
0.5654570191424053 0.7113209699613927
0.6154706888387514 0.9957140314997072
0.9867486787783444 0.6453609847999099
0.5674328102868917 0.17936786193217047
0.2949470785858296 0.17643289687750274
0.47351805238131195 0.05846857132692884
0.2655795232530743 0.24444091383246835
0.5309745470122843 0.6532118879679409
0.9779873891183865 0.20176153982140177
0.720505944198799 0.1096453302955881
0.6702897686940776 0.7289774033253963
0.1747835735422837 0.22181943462562426
0.20967784843647064 0.6069165401173361
0.6001095587652607 0.601702036292597
0.8517766672287422 0.8529614943777023
0.4781903611790097 0.8432000228309082
0.2958182356939386 0.19541431824455724
0.18611276197340965 0.6955774471250629
0.7816288979189688 0.9817728017050935
0.48999715183714776 0.08675490796545338
0.11994020452856702 0.39509405909370343
0.09143549414400887 0.8184200823352071
0.09929168450984449 0.28719174508424317
0.0357049846994234 0.8925744499223996
0.6708008353699408 0.028233715033319395
0.8268801622904931 0.7230870924397854
0.6763339286866331 0.5193768685680431
0.037350068237020584 0.9360211454983006
0.6561187647219964 0.9183966817295952
0.04787877787085015 0.06894423439279718
0.44859864661685445 0.6878388728530483
0.3092317027244528 0.24212948749801544
0.8783342257631203 0.2910409825794317
0.17752163140860433 0.7934984920396936
0.8170180896864822 0.23344248326612882
0.9428122782724694 0.9443540868752839
0.29817439793664 0.17492150494120595
0.14414910375273393 0.7943944221205799
0.16787438272161503 0.5234672944637935
0.6440709351103174 0.3321970956256408
0.9618049751915123 0.26131741459598756
0.22178753201823465 0.6913054591168154
0.3132875448923903 0.7517591538954577
0.6365922530565475 0.5822462847980105
0.21734959641520546 0.9281151351613866
0.21171084173587096 0.6872516841816032
0.9027115999306249 0.5760028600456712
0.9936708640056875 0.8171550612107981
0.8965580551691621 0.3857788177251069
0.4534086173836662 0.7988747922600721
0.10622017147137397 0.07414790886993061
0.512713495931007 0.38709556117197763
0.38740488011477436 0.15223900779535204
0.40324237498273874 0.9752021873225362
0.12036326107711282 0.8520182060001233
0.4952196477044982 0.5182162165477074
0.7733990765803879 0.3137312485706435
0.7690709547991941 0.8744308280577261
0.29737552442054493 0.3841371726604259
0.04562209776049264 0.7226349240283889
0.46538679202062005 0.27861551389071115
0.4391265072620374 0.3182624931793573
0.948518316879448 0.9197994236400217
0.7522685874650711 0.6144990415733452
0.0016277181702516463 0.9812079192983745
0.6934220422928795 0.6933214388701153
0.12233605498756017 0.5364201844931403
0.8638257406566532 0.026643737763809905
0.9419268659841055 0.7426557461351051
0.4359722014219175 0.8191860057577175
0.9086084571897596 0.17219397649007395
0.32438674648444166 0.5723794337576616
0.031602474011108606 0.24588745806818701
0.43610809622609126 0.05256505108958032
0.06877973933676385 0.7200934310158652
0.2805638297572023 0.04694018395056099
0.06107200666891688 0.3316682755855881
0.8171675967924154 0.6471507560501726
0.04364632091702081 0.515239843896711
0.9238467304552505 0.31312375738866727
0.09683656348304237 0.5727933529349087
0.28084263644870655 0.6386789893613893
0.6390837821848913 0.797676458010646
0.7815088499174779 0.5656549456626258
0.009645991032990353 0.8334491900977464
0.8054641639560643 0.7747283524269296
0.9405948889531148 0.9825758685957134
0.8193416520569379 0.11880320950529155
0.47562505592224946 0.27077473567997423
0.8065065105710022 0.25878922872204735
0.2574595369673691 0.81991284508599
0.9694991633813373 0.11178607806417051
0.8761424266222568 0.4856535360155906
0.9975922576570032 0.3281342681634616
0.14726805265130316 0.7756335243044181
0.9467335103492436 0.7764893311146588
0.7722035154111786 0.7797681404954785
0.4402787687563686 0.935021129971895
0.8216189480090144 0.21635261902010205
0.4663028237482929 0.16203531112983438
0.879148622783823 0.7259478129449283
0.5209078070782606 0.050759294741637984
0.48376260372625424 0.22960967865540505
0.22683270939652678 0.4607307903536534
0.717437443004106 0.5088410198315797
0.8427992160492931 0.3621716127674144
0.3989718963009433 0.16171559166508864
0.27141275641417817 0.3299253151102134
0.365301112406067 0.7429438717875108
0.27207029994940823 0.3799823322877217
0.7484212357937021 0.20522082085824822
0.5902088427827772 0.8543115195511585
0.9890434328095604 0.7250159072707424
0.6253618152241672 0.22866255036640282
0.5673550076772356 0.6180362706126418
0.07787319372663426 0.043198562041888544
0.07677208657817014 0.32791398506795055
0.7377519934293574 0.6372643606850439
0.3183270269363099 0.4062384933190045
0.20903270676441588 0.007289960321810507
0.5513413043221201 0.99287632266417
0.8991397522682013 0.9007753040696309
0.9002917669291596 0.5525898732346244
0.04513735740483549 0.209497105299163
0.18828728606146727 0.5272871566086373
0.8973784635230077 0.8315236733177398
0.14432911272309656 0.122805830359897
0.43594962401727 0.4343196029557832
0.01453745687273822 0.6649537117252677
0.15644139708864613 0.9701667326351088
0.09678358767967277 0.8315994962526231
0.528956350970553 0.3703238657833773
0.6136750291976508 0.5959267525090391
0.707900232261427 0.5757923957972892
0.6405994081213962 0.900535584018799
0.9499840407248197 0.9502508722586662
0.5135397516714048 0.9228955914434918
0.9839976884355438 0.16466616257490074
0.2556324862187075 0.289724761211432
0.26829928454229657 0.8432849702643842
0.081946607221827 0.751189311868356
0.6705958228228511 0.6171541779131527
0.968720892391408 0.6353892271465902
0.6094751213362356 0.7440140990711168
0.6063032732416304 0.8694150279784532
0.10828078657781526 0.12235384832571083
0.7942947409010536 0.4753315409756974
0.5293047884547274 0.35261355165611785
0.48290777130894247 0.2277646490102364
0.9799059222195369 0.47996324507201715
0.21630692797211903 0.5943372604622517
0.5120440637005231 0.19078386804092784
0.6917076035461049 0.17102139488021395
0.2728538223693301 0.5289205423136288
0.5122659617899309 0.5715429982177215
0.7062635953283773 0.647974556740839
0.9823015721239006 0.13329718015433034
0.7542989719254348 0.7223446378622983
0.9701519337335608 0.8618010290395062
0.7615921734518789 0.9024245702841585
0.4469653629343694 0.7515322998770652
0.44775213758573185 0.11830843568335636
0.29899730977593253 0.9930718390388763
0.8796324960634777 0.6115510307286353
0.4064825146224673 0.6047885266887434
0.8491677617615874 0.3059756918979637
0.783913211429727 0.7118755192337809
0.4423304799572194 0.5162172428917148
0.7845616975375358 0.03636682179181827
0.8708955173431164 0.03663314931694961
0.9863430365346899 0.15883381897753324
0.8310794834933829 0.3534114688702431
0.396621752431481 0.7657813130870054
0.751757466623507 0.579148750491096
0.04032414141898888 0.40633350112794075
0.2998405734509183 0.7218675388191871
0.8287254656186964 0.24761997563022475
0.4215318690839832 0.06938728923213733
0.8455392484657147 0.9403426131622138
0.015560210357460358 0.7951585554981573
0.832443761392625 0.984324315931746
0.05812493978602129 0.37311519210958255
0.7079385315851684 0.9184109792438919
0.6291665515980424 0.02679511773258647
0.4114312213587695 0.2499183685886186
0.825712012854328 0.23192488835738256
0.2287138424583517 0.28588576003732213
0.9904255753289296 0.2418590595280291
0.025494142092471472 0.9317187777805626
0.03212906161990614 0.7117107204658673
0.4924062461191441 0.08237383976134338
0.869938380959891 0.7597041821385006
0.5879327932899043 0.4470571885418151
0.19379590324684803 0.22322730837839155
0.8549279040574861 0.5204819096294537
0.8015607574726186 0.4422550428825459
0.1819386035328644 0.9420459529293052
0.7464525833045649 0.6342617309722502
0.8822801067104045 0.6688656867931483
0.40852642749267876 0.8124352407550532
0.6718279432863863 0.22941851756068465
0.3899897987225158 0.2429505196996844
0.24074805393894438 0.8216194434095097
0.8265552297460573 0.6372562551779225
0.6348934334154418 0.17247599683148795
0.3056550110513352 0.6317732080481516
0.5893540586979713 0.886037083784062
0.0872272231345882 0.620098225783539
0.28965433708103916 0.4721706500844355
0.7339150563133598 0.6717532305300058
0.7753503461916175 0.3707761900791311
0.5749043252386173 0.09671387113519558
0.3462869558514019 0.06435804271163525
0.6512569406193572 0.19639762428811613
0.8835325202243044 0.806455909460272
0.9204805057340933 0.8794867778162178
0.9550166847460932 0.5842488553318604
0.5342078140989702 0.11490670700718131
0.9401552043162441 0.6807204384471323
0.9452418271574713 0.6444753695506469
0.17825241608076425 0.6050915324277856
0.44885543234207026 0.9841851469643643
0.32223093674393144 0.21979894008841128
0.51811758447362 0.5057737505343326
0.6622452374030359 0.6081173827858736
0.9541502692618878 0.3091854871502976
0.17299368551349814 0.5985932697476721
0.4396038731330201 0.6717207102875454
0.4340519867273245 0.8907788090337364
0.5572708066439485 0.09111529342492108
0.3743078910640887 0.4113248890120508
0.715640725314738 0.32748810655970606
0.9995854538969267 0.8703126138937852
0.7093328737190419 0.3930396219385558
0.8768050062061545 0.4847720529379741
0.8347241514920412 0.13857984654211386
0.16853217126078301 0.48965891888696433
0.5797245843759925 0.9424094765937758
0.4385279568040903 0.366128493683741
0.9115341599619134 0.019772928788432065
0.2819190236996948 0.6827675760501571
0.0973480061227805 0.04004795922905957
0.07286533624591462 0.06751515512965545
0.8103603224433372 0.06403134141571909
0.7681103140934049 0.10632279466557504
0.9970487582344939 0.2951251483782339
0.756556316002965 0.8991758364571147
0.6116058615280517 0.7759246887676943
0.20301592566745208 0.5949176325977188
0.8595148892634968 0.9556528653943098
0.1985477202438588 0.4733881130228288
0.034651626922978074 0.004082260156642037
0.3002924631803704 0.0467094393146712
0.3829262238997163 0.854030967288749
0.7204842542562715 0.21112110030472975
0.6803611076313747 0.21721392857790434
0.5073180218407204 0.6965874308027346
0.37463550700468884 0.23717594509515072
0.5496134016960095 0.9334707661540739
0.20650792896829928 0.01822942002781125
0.13272241376046312 0.983883714419169
0.20116251245552708 7.633553496898537E-4
0.07488610707679755 0.3699044688890061
0.7994068548975723 0.040986857031259816
0.18125362749403118 0.47165914505772255
0.6847822136544515 0.09711527327922764
0.8670343636394888 0.6653458362460188
0.5550297073329148 0.6242018562394714
0.3217620449958043 0.5245949953955814
0.6849888017382351 0.1362641090249117
0.513407366906499 0.2181311933380009
0.6328874985619355 0.9070486573988445
0.6640835566237943 0.7025219333551399
0.8531161193519844 0.4497237594253479
0.568346988981724 0.43086876639401606
0.2959596296420983 0.2409843772869148
0.27060288245540676 0.07661735660444446
0.2983961842628954 0.13649960805051764
0.16988410724187275 0.20623207159518075
0.19995206932553367 0.062327590244860454
0.5782782926971508 0.925302584680292
0.15373703378008086 0.8608686812866458
0.12353713107534214 0.26971861892423754
0.5451651204926632 0.6201226194752085
0.15690895349777667 0.5168708617002892
0.27950097566024157 0.4214608398638461
0.5039935674105692 0.6514050795728688
0.954252412980022 0.20382065877778965
0.4794263815193557 0.9358776180937871
0.5935645584216627 0.36117267870519587
0.07545639337308108 0.9087304566062816
0.18915230347695233 0.7653091461455035
0.6299907939915284 0.16032421998948299
0.7659416373189526 0.1374450666431315
0.08143605446143865 0.9223382062634329
0.07047274768184764 0.07982036733191056
0.1256741877807217 0.8466663790181189
0.2662505136248776 0.6224357828149808
0.20476961071213207 0.3470087974383601
0.2126111904710689 0.8402509268790482
0.2775108075396914 0.5296785480256176
0.0023066799339033217 0.9526184271526809
0.7486480951127846 0.04971372377621275
0.4378904573148269 0.32942283374948933
0.7666968290186109 0.19420551270798914
0.03812236520063195 0.997338801008179
0.33943356948082093 0.11682247828119219
0.9829920809344432 0.5648179955132345
0.36171989525132053 0.42583248231160464
0.12959385343420315 0.9658600321871114
0.7020468154070838 0.2624934974194134
0.8609681432928309 0.06031699489332454
0.9522003838520209 0.5975047776514653
0.06615825404958597 0.9224279161037404
0.3087071380309785 0.7202805622621553
0.9921131935724783 0.5994734285307048
0.3252251697958969 0.7991285611520905
0.05670067544508661 0.22888718853619971
0.9518055406215904 0.9499856413007709
0.966976942253165 0.6648553001704173
0.3599553372358616 0.467183833823526
0.6479930402227462 0.1843806561804443
0.5416923677517472 0.7417896997316267
0.5547996719233065 0.4179844128535234
0.5662891039178046 0.9213807340951621
0.9139461120191416 0.38166184832789096
0.6801607569958579 0.5496924672929248
0.3206509829807678 0.3744053640755449
0.1433611956796993 0.2653906539925053
0.9039555923836525 0.5495528848971486
0.8104071534006897 0.13629265219887132
0.9645536285925281 0.1684148426266655
0.9836598079370817 0.3586832597336608
0.5886236565060343 0.9010784104093366
0.9942501447035332 0.8609396305059506
0.24587325823471418 0.05198316635060496
0.29854256300361004 0.8165008353731167
0.791137464233191 0.25680726678565025
0.617388849195171 0.19328801650037997
0.6062556826213505 0.022398826592637144
0.7909326523032812 0.24500080560159265
0.8425854265811216 0.46293268750144745
0.5734820620480364 0.284286434014149
0.8543926656078622 0.7231672856696671
0.5509762817503705 0.1685983555184427
0.9494927716325178 0.8736227828330599
0.7278294292598833 0.6766312907616892
0.5258975653050325 0.5126957542577343
0.10044301913560416 0.35653968311040796
0.5118577190172036 0.9171720912810258
0.7114360860013499 0.486717598310896
0.7815721950679014 0.3452944574223791
0.2616498414196633 0.5057376159886963
0.879969218270031 0.015485735937947553
0.3462416187358044 0.6401171405916499
0.957345980726149 0.3590264067598834
0.7766904584207893 0.48690059750476056
0.28828774652793754 0.37642729616079684
0.25229497416437163 0.9926161453142659
0.129168643159414 0.31493634383701463
0.8527511354806825 0.6109864981252714
0.954670471038065 0.4285617917548423
0.4376564500360094 0.41884291766321147
0.3061378923660306 0.28219043281302714
0.05929397319727403 0.6230122944395583
0.5832215939358137 0.9178247931714724
0.921807787378507 0.2005174341763306
0.11514322056759696 0.21365773251000286
0.252889380898625 0.38025097482246784
0.7590497882617595 0.9356492858950856
0.6933520728849788 0.2963534381312992
0.09030687071592791 0.30646498856237936
0.45547854548433875 0.42184684078578294
0.9732134160164355 0.3980809821463597
0.5527842251425663 0.32564475867806786
0.930503716145319 0.2920556641530384
0.8618473119337765 0.8868807046021829
0.2661349082306862 0.7454139688473891
0.6411136914815359 0.347566998536046
0.33824074775706003 0.05028469781274203
0.40209299981377966 0.48791581695876185
0.7277659589754912 0.8818774073277434
0.7051203004948371 0.7682257686023991
0.30317776291809684 0.1920801079559611
0.5348646705649343 0.4970561369827935
0.3427840564721987 0.624904823539652
0.400024844852248 0.9574826813454399
0.9435705410566457 0.5052027910688539
0.1971591224077256 0.9515480093647589
0.9191023087008688 0.18351720345026434
0.1803552277004602 0.40759055700096447
0.2689173625291805 0.4076357151788288
0.08645282217381112 0.5359565554475212
0.08797334743798968 0.4353511269053876
0.5797899335377461 0.5156688681810029
0.47709066983165727 0.8031336245534446
0.7009518795404052 0.8479481186781448
0.613968783833527 0.02186298326929681
0.9307595301946923 0.32205076515412323
0.6492346457730096 0.9834648968423428
0.813740757260745 0.004709661509310514
0.5031154092405014 0.5312409268181151
0.8245879702602195 0.7865329830782422
0.9557103065181057 0.47187627372919194
0.30661111506347416 0.7970369980392095
0.6474692791309289 0.2885555928396152
0.8629544507384396 0.4345598616863722
0.7363689958769069 0.9523121435602391
0.5393522929271958 0.848122275189125
0.9944092239886074 0.5226805991175895
0.5014575769238274 0.4553725477382593
0.06843605011037213 0.6789194918972247
0.6802842428071667 0.48407290708255446
0.47893064934110174 0.9295145913611209
0.03606258182967681 0.5841549758167918
0.6852852588595304 0.010369565161901795
0.6738144964767725 0.2731922338640477
0.2072212060743105 0.9010356709923837
0.03321328010209368 0.35020746681413295
0.35938591382000373 0.9635278923111391
0.7708003883426835 0.44105407236870864
0.6297994390611321 0.93971959877486
0.7543897387224939 0.5231796663463318
0.11270333153872569 0.9310036426546232
0.7974974279923397 0.6184016459473795
0.6924975854656776 0.027853052279854906
0.37589299325357184 0.8393935506826534
0.8678343811848164 0.957109450664079
0.5888757342366597 0.6289026212741926
0.20356996603067268 0.9712730848040368
0.05463809740551007 0.3402881553731576
0.40315895582542394 0.21676339369118047
0.26208501562468645 0.2737913727408646
0.9052080140496301 0.9870642798027234
0.14073673781984886 0.9050172235473466
0.7252889255090731 0.5918640075739101
0.25585003154480934 0.32042958386622733
0.9877434225843361 0.054744398274349626
0.08765059008907805 0.809230661657608
0.22209571185300692 0.4896696311677676
0.3115772796595955 0.15181670120613977
0.03482040247516638 0.8004702888323248
0.8606967596680775 0.39207166274194616
0.20959759775396947 0.2977134341681653
0.8219544638092589 0.7840812533347309
0.6378184497483921 0.9337949249549361
0.8946865209483722 0.1634200795059254
0.7359883217008467 0.11978545651331196
0.22282383830808838 0.20898436411760035
0.16780698004643757 0.506507093280347
0.9014786608984267 0.9334139594523811
0.7560879734510674 0.6875126039519907
0.35411072199854254 0.26846680812405477
0.4433127741998347 0.5130846793937368
0.07822848407874905 0.796279891414048
0.03949731586608485 0.5920681739346918
0.9655885238564921 0.5182706766286852
0.28218176393019123 0.6022930973253682
0.5171140313041914 0.05050377024385688
0.42573733197880714 0.23054195327005456
0.7932612829396745 0.7876670989069121
0.17581627316626858 0.9194599805699853
0.8673204719046702 0.38737329211972293
0.2896545781959109 0.11150226053940315
0.8821453550454855 0.3923210798242218
0.574069042796812 0.34895730086671806
0.5500641100979808 0.9299229751052908
0.33037404585035757 0.4142811162723594
0.08123103280333277 0.20732480156617394
0.5190751617928104 0.6764224572329874
0.0774372261962536 0.9543136209204883
0.04708059629478922 0.9465137574141286
0.8864057837217426 0.05743074108154611
0.6163033144792127 0.4402490470061743
0.275854857883598 0.3756767368918731
0.5149102917715106 0.8944639100554374
0.057120049377637705 0.13151564561189144
0.5811074892405208 0.4918793158719612
0.4648849732544811 0.33045596069649175
0.32423270960147454 0.010665746383077379
0.6825770443988147 0.3783066657258115
0.8490603572746117 0.5344288123685933
0.8922431781032886 0.43727585040704564
0.7966058823029469 0.13341434960396592
0.6232277144938798 0.09040112781547449
0.9883498168564943 0.15917486386636048
0.9757331930877786 0.5683701346061455
0.8406845712026549 0.18263515831526067
0.5033519718057037 0.13361079098826534
0.9025195615490665 0.14944031593295792
0.1529144593237135 0.21360013525473787
0.061363538501836734 0.026664340733312586
0.6805079852408432 0.5286622714767737
0.061835279581287206 0.07140314625564759
0.3892778621642201 0.7690947651784898
0.9854369947465761 0.8644709055301167
0.8676298468388698 0.3422844869505871
0.251557543996505 0.4213639687255839
0.6457112967996128 0.33254334184843737
0.5170552384643258 0.01785211971043721
0.33355601023223835 0.09471473679786924
0.5754027400210366 0.8490020463058057
0.8560357301551029 0.8371726416714255
0.9862600150932926 0.2781331371358141
0.8577686359961239 0.1406543080130951
0.702473066903996 0.226151433407487
0.21539353487619373 0.6064390564870348
0.40387984293458545 0.20190235597456274
0.8651259493662152 0.7307051855060186
0.5959373108557544 0.5806284400906555
0.830270025550665 0.6614675372568452
0.7860661701521274 3.1374396010086514E-4
0.41636840822556664 0.7103188831281142
0.21174303145526097 0.1646414949215853
0.030929533372693552 0.36326813448866435
0.6617521395414548 0.9164872101524594
0.9801800194286958 0.06328878796705528
0.9056420444181198 0.17731481486991196
0.8970473442787835 0.22176190233796034
0.12631496665343567 0.23553831423937555
0.16258610055292744 0.7568171906676616
0.5368098952497152 0.9108571751445137
0.7973186355953767 0.953646998280868
0.054722910781906164 0.32176884655724103
0.8194688176945921 0.5951881633618804
0.5063409906084467 0.33990688187740103
0.9938257436783989 0.12113623121094474
0.33744877572383336 0.32754902597592017
0.22798143132162885 0.03907795715513329
0.21890029797020027 0.4235841884005961
0.6119449497386747 0.9335976721650119
0.25243036102745775 0.4684230797957092
0.24264293097749012 0.1975334027487602
0.7058133176720213 0.6397826380048535
0.52657413868521 0.04412923035296601
0.33635983788992496 0.008969049658000272
0.6118940281008003 0.4496504555324695
0.39787487284766687 0.5212303727595275
0.9654623915204039 0.42309860753122064
0.3685827907948286 0.3539443417487592
0.8808957332702503 0.4029834059794275
0.2861588311149358 0.21285261561095636
0.88042299277906 0.6406796749556969
0.33088850417040006 0.8892480813632218
0.5563520012292399 0.14571642729132062
0.9591093109780329 0.3199667900217614
0.38721089119351515 0.1404170212301461
0.4564725406325729 0.46723178266033283
0.4591374390317523 0.9996285250184064
0.2541948237031951 0.5668413428074015
0.8248461025273387 0.33584917139334247
0.7313528697186913 0.680889147806176
0.44051152341107 0.23088324022691997
0.5124068498545706 0.03514965247599344
0.2351639362977268 0.6122224863312498
0.4615211077661502 0.32145679690756157
0.8877004344715245 0.42567429759872355
0.6738838020596779 0.0018501110794804099
0.31337378119820325 0.5653263844187284
0.7691094945423896 0.6639566609786313
0.694627854947341 0.4877584382768567
0.7029417167292454 0.6460237991350621
0.13040727878768965 0.05948160390424695
0.13085560686478181 0.4752116679782966
0.62357592408516 0.4649066809959377
0.08079296157688298 0.1442009384825168
0.1778372998825879 0.9367123938113231
0.3221454422674157 0.8888657447340119
0.2335575389321004 0.6613054077732676
0.3542341153988732 0.9237073116683306
0.5361490673080025 0.4591340910998366
0.37991643336906433 0.5419394742170547
0.8011815869667187 0.7429382420281052
0.9785845081252085 0.09356191467864994
0.2171444445639702 0.8165873518405492
0.44770161459520375 0.6174527215574577
0.9097917887646713 0.7929803314718005
0.9431562572271965 0.3224572923822939
0.981260950129664 0.2815500545617211
0.6160961219287593 0.6876452925922854
0.6326608761974605 0.5242358769763865
0.9175374598561147 0.683353503130877
0.1805863903015701 0.8433584340938004
0.12192726969419176 0.5023270500941048
0.48602120953916905 0.10565048251141329
0.9069696524697165 0.2342171097232144
0.42835069264034253 0.4037684715216556
0.5194095713141113 0.11688863342973277
0.5777130895929848 0.30992951753391085
0.6551006087252048 0.35443649335834826
0.1456759148787249 0.865888912305814
0.686565806482002 0.004504229147850647
0.6272318160583557 0.9392935528312056
0.2823939226716018 0.10644468661869211
0.28636592940885497 0.6985170350397216
0.7801954644373426 0.04705714336479505
0.7829551580325103 0.736402336872959
0.8984767236916105 0.1420808656454372
0.7905167507507614 0.8079085950585551
0.502671837150056 0.5493202120429863
0.4123321165038306 0.23747847052969784
0.17670642633351752 0.9232221073296525
0.5677291029779176 0.7990130877183396
0.29384889093490363 0.6709214796563342
0.2908143541581688 0.27466201624621067
0.12923809245122841 0.2762160822946451
0.060704157248755 0.9582054947905838
0.31135940636958925 0.9206269662702469
0.8653116119398483 0.08462732618694746
0.5708735099586599 0.549646565164492
0.6900038203531688 0.5395460238696355
0.31258528406918984 0.6074715272252893
0.5179523461274123 0.23049334779353758
0.009973185636973803 0.8949625595541828
0.7307568993036868 0.1865987136653241
0.8015816328505526 0.3932691560655375
0.005930570089730747 0.794058579512858
0.954712751181645 0.43950242008738416
0.42209226211001294 0.5718406460460951
0.05423560489449686 0.3410338466593853
0.5032206187702698 0.5453920915979552
0.8729646446517232 0.3714444170777753
0.3600803421183604 0.5856925259464907
0.8849414230761076 0.10384238750559172
0.9199407977133913 0.04681156867341918
0.2940866931681515 0.20621456738642296
0.47496403899905826 0.6572021390361837
0.26807272153315265 0.1486703308321946
0.42514698647997506 0.8982800646389922
0.7908985558810464 0.7538834974661096
0.1434607884469431 0.038411917650998606
0.17753353288420037 0.15973233811772647
0.3488380150830006 0.58125216583269
0.8301275412940968 0.5570831099510198
0.23691614587285947 0.13444189391512618
0.25766909532053395 0.015858137191776533
0.8889533990026407 0.6080014243905749
0.7296048697246942 0.8189746037358608
0.15609120004316723 0.21131911409277393
0.18881785023634357 0.9864354192042057
0.2991451843562807 0.9334597204715516
0.2104934703048561 0.09079911809172136
0.15336418429732024 0.06358496446181228
0.8607857216649034 0.04045085846599328
0.48310500287307456 0.8366003035256181
0.28282915071135883 0.2385419323645569
0.4931280574080298 0.47371154980288455
0.7175240109323149 0.41316056109928134
0.1712272910363286 0.7283953724396196
0.4526557298412407 0.45824190158553757
0.2511649954087859 0.5453584481366698
0.8862922585668416 0.8249210137408871
0.10539054045312635 0.5933796839686141
0.4890356214438025 0.3594769328792765
0.8037794099910543 0.24250097535218618
0.9545870715992907 0.9967122331176185
0.9076371836371964 0.021851429266510736
0.23921744985248794 0.3865572500544
0.3074702783337322 0.7164613355128888
0.5081184247546608 0.3568836587464438
0.5585338556045657 0.03974139853751102
0.230241284307517 0.09695716930609088
0.719924422318921 0.25287387243983583
0.7931145752315403 0.08365479505165352
0.6609929111394847 0.19318209830510658
0.04526342318994381 0.06651709616216483
0.16311172316227418 0.920615567390677
0.11623674939218775 0.8779013165154185
0.9153367667668113 0.5948075507475232
0.7128814562190423 0.4409466677679844
0.6792638423567574 0.25473316979709437
0.8453849720277798 0.11075805355801616
0.48138605904704823 0.8888155066515883
0.5977411708552436 0.4031604153656463
0.6805171741877533 0.5553982027369967
0.12467639768743144 0.24057025076696437
0.15335306157035344 0.3418230025995864
0.5307064556436215 0.07597734044932303
0.643001965796798 0.6349209991360958
0.6668770155465741 0.6437240606859157
0.5233214789255854 0.5165467778742463
0.16687335695821615 0.6297153100656163
0.8461581884908551 0.09485504762807395
0.23656837787594254 0.25388779144242324
0.5590938886573507 0.23533935503655068
0.8097096877513541 0.6142118361041589
0.20805982060292638 0.46522297543132174
0.6873305439617186 0.6541950874922687
0.2721882400597586 0.7906126498388013
0.18960136711999542 0.784802375015318
0.5175287589002577 0.7878953652150674
0.6662219880178317 0.5169010774717243
0.4017643157414016 0.6091798622735674
0.9350867477322344 0.9417873626229527
0.6138194451512354 0.47615356194952774
0.34883863896702283 0.5350431080196938
0.2902618404817475 0.8275470748366928
0.7250601620800498 0.5529193365359121
0.3146554322978091 0.5324679423843793
0.8182323759485773 0.240636985802396
0.3765311209617197 0.4851859282031815
0.36022596695317155 0.17844112985822913
0.1433995803415664 0.4565226764903121
0.9509708717578507 0.35394017523918375
0.9822376401183335 0.29281830120523533
0.24208433945190322 0.9682068835824711
0.15613839858513934 0.4255183566504168
0.923619607264394 0.5583132243394461
0.3173218994880943 0.18274462608158482
0.9977300964831854 0.7504166452993601
0.41946255961319234 0.5787836505960366
0.702927762749287 0.8452103669602904
0.8802955682105781 0.09824690744841935
0.23874560479322438 0.48149589182619534
0.9397241240064154 0.4887274358302228
0.13299868254861658 0.8238309389733995
0.6791554034202537 0.7290975171675115
0.6924693738559381 0.07665161510511842
0.09455241921638613 0.15016234056542455
0.48272668599893176 0.6399627131129535
0.9486960379508704 0.1502054370588698
0.19392124220835005 0.8906356309709194
0.8674091041441415 0.07003118617145776
0.5667810775338077 0.39854821629830484
0.29000301812408225 0.5704307608631964
0.2766656526946357 0.3682468618981346
0.43596434049858357 0.2895675467330252
0.8034188532558684 0.23450563339219754
0.4079071651948927 0.6485990156427716
0.35089403896866134 0.6341035140974536
0.9150748036432339 0.42092164504134955
0.8224073070106852 0.42633514512138104
0.8721817102808166 0.08374644930217046
0.7070079006731054 0.04121660949854422
0.30514516343481934 0.03028268886048502
0.4863376086038096 0.19704240097795678
0.5782632390944373 0.43662737503085647
0.8329834033804893 0.9478959196491823
0.9466539689278809 0.9495292467724782
0.43861092226580645 0.09690992267424514
0.8332780080649685 0.389515233439117
0.7837990136589813 0.24251988872766583
0.03162541098669147 0.3484386109797514
0.5413779666431909 0.11264798250731689
0.24315439249701343 0.9013280236051311
0.5912075939441657 0.38570031702691787
0.972828142547839 0.64948638129043
0.8167136216730403 0.8974562662960398
0.8266033785294212 0.9651100543772773
0.9521336703675207 0.9893734591624825
0.6814823549032766 0.6172678509643381
0.7543074314651178 0.7665271276393028
0.03174756896978925 0.9249006447977315
0.6839775738942775 0.2023486138366244
0.05425640150590327 0.20457206356693458
0.09895169050566688 0.35252222744601003
0.581180756328541 0.5590213748141731
0.6851076373079803 0.4218455688380911
0.2203343539319953 0.987139979947881
0.48110796975729486 0.06555355175002042
0.32123864488684006 0.38681299943338787
0.38882155979855415 0.1005518067463963
0.3493353866217782 0.26913803427344996
0.5038336582103935 0.7521999535601124
0.5012623951426569 0.9058533965155887
0.9490582483510714 0.6687313640114051
0.07086660600045769 0.19137824255797986
0.14934941371341992 0.19809068114472994
0.1586360120535053 0.716687683714985
0.6461413743518919 0.8409158539963068
0.8064904813713202 0.4243160606671982
0.6185292401985152 0.368587016149845
0.5353789449463613 0.7421017332043871
0.2508360663680762 0.8267094050937274
0.5648879343896793 0.2778574905147492
0.9665938988652709 0.5320932976851778
0.702075151481278 0.9979704804597009
0.33499964224062295 0.21523873230822155
9.9850527959644E-4 0.3100063557532632
0.14828945239550717 0.6605287016462718
0.814919747670051 0.6227121737857124
0.7671079728107815 0.5527792514992902
0.7899189580759564 0.7663833127365285
0.3358316870147735 0.7514906863292139
0.6816646527986414 0.12237975969333748
0.8809384921786986 0.8830889091635786
0.6163412736672523 0.43264749570236405
0.6228980997147295 0.9666418237827845
0.5622444034087718 0.0384208264812228
0.05569127545030028 0.7699805996975003
0.3303114897792049 0.7318524290079766
0.4779482625073411 0.7308508758007648
0.37986337382405144 0.49513718937316387
0.6958293404326952 0.5716648504695205
0.07009068685185849 0.14876727673075563
0.5601543478825969 0.18661960303118696
0.7683256593324324 0.3338754576078362
0.8489193036613581 0.986393460378829
0.4028991244648651 0.313194399364616
0.7612225006808103 0.6483262927651247
0.6313889414667373 0.7909797487886954
0.9497540315071228 0.13893597339531505
0.7843250433304335 0.32431515964277147
0.5863867287925041 0.9508177844544536
0.13992342013170989 0.9265380175504115
0.42903802186546414 0.7274196653069899
0.8871792045638819 0.14809441822582747
0.2378563331730673 0.8368804644311171
0.3426573331850019 0.26095285837588833
0.17491720933016863 6.47389052579328E-5
0.6005764800855938 0.16977566873665595
0.013998259012540815 0.7781222100430025
0.8162900364618408 0.3263685252917159
0.08563410071722544 0.5813456368021787
0.7500258415357982 0.23349755835474517
0.8875355003064297 0.8737961197574152
0.030753993487437903 0.08998491651739715
0.20158985188464784 0.4171100255490894
0.8393097560821697 0.7510632591637489
0.3760428875138324 0.7220973612467408
0.3554069980441672 0.4562901997409722
0.15509409585651457 0.35818635280015065
0.3649344333592158 0.7118940995666014
0.06802153210981865 0.4084644880973446
0.881935837276547 0.30524301236089524
0.9260842002521611 0.15201168765237694
0.5039322522944154 0.6761982727614096
0.41783310125615336 0.005416355990624067
0.48975262164350386 0.7734357112011135
0.14209492049100614 0.8618105745423603
0.22579719366188378 0.08338627746164973
0.6727751293420716 0.22845589213971462
0.8296649074445647 0.7352697923037157
0.41075982130013833 0.9828565437760243
0.12933521061555675 0.45776422822884355
0.04557888979649072 0.14257212450224566
0.15160123311022944 0.6911747839427461
0.42312563416082327 0.7753473890512271
0.5552100575688661 0.34353607220305493
0.49561065394375514 0.06387150848581136
0.15217288950936536 0.5199018005187797
0.8160609455727995 0.5834254005641337
0.7749663383095449 0.05114636368944092
0.7320579273595238 0.050869890611327295
0.26785341880400426 0.801923112631915
0.03204033161845776 0.15987392482949747
0.3073108525100773 0.5469944471216829
0.30238188537966826 0.6299764374235802
0.08955713149096178 0.6709688986410401
0.6645851623424192 0.2660214323551896
0.6624334576300519 0.06855145399137341
0.8793169500182799 0.6497007275531118
0.8243976369717608 0.40073239144599826
0.027642482001250857 0.06638435254240993
0.06514868183312261 0.2969116273658574
0.10969918443306914 0.408114044646098
0.9804078933571144 0.18377489127431024
0.9371831365447679 0.08757986440249588
0.9576395507839958 0.16880871648192985
0.6384044397436758 0.44809658315643
0.7000029730131272 0.8096615974387609
0.9433002787121808 0.7610401185286011
0.33258451377086273 0.6601289773896293
0.17067763976853045 0.664901403550978
0.4179666844770208 0.19935964789112104
0.5010898020841467 0.8190587734393563
0.19744904377740136 0.12295220013636599
0.6861344886630724 0.620566483843798
0.7697433292059289 0.0029296995179204366
0.8185934991978556 0.06370146329381554
0.7207230875224117 0.008151635363949139
0.1677167113534842 0.2097062777049662
0.9258160541615341 0.7175421623320627
0.3700867111330496 0.2781112067546698
0.8608853216930185 0.055584278061655445
0.45888211919932675 0.0712138801906429
0.7779526689121576 0.0328493981544552
0.31299134563249 0.29974012812987194
0.5288760544911801 0.2839028209321587
0.11231094605536329 0.3904050399766974
0.6531005149149451 0.36074510869815446
0.2966956064816788 0.5250386123283634
0.584859423245631 0.36202037003501353
0.34340947149447376 0.9861353948139758
0.48071154623240453 0.7565422609021023
0.40156181040024874 0.3651333616175949
0.22005640683403083 0.19425921281277125
0.45189213049278754 0.8274220275265138
0.5892786952558742 0.6886005434589553
0.19640331379486098 0.42202539376214543
0.5244301008795741 0.801215066440547
0.3247236851324826 0.3741007416225167
0.5578650328674691 0.36343503766020946
0.15271205228589724 0.40483923346429274
0.29100402195819 0.8283676123163788
0.8837024117542173 0.3860501165865071
0.7984068338659843 0.5633368208316405
0.9039177675118488 0.05565483587474129
0.35759510484742574 0.26446930342674135
0.5909656481466444 0.0955138536811706
0.7945717516144989 0.20353728233980972
0.0879601931556897 0.6044530098066215
0.03674258373623629 0.20174278101797738
0.37569898948110336 0.8870524350743975
0.1729534735054823 0.06594687789323628
0.7614554907639747 0.5227061401912876
0.4346136689181329 0.719918954363236
0.5953303062155831 0.8796554208555344
0.03238412825636905 0.4165001393718887
0.6237382296546921 0.5951449699584458
0.7096677686804597 0.22614659414574123
0.894489880126633 0.05554560792202268
0.2071454217506341 0.46313762865569297
0.5390600599235779 0.5792329205041762
0.5718601902639907 0.8328046066288882
0.07501795835318648 0.8302064572568215
0.3898600928123004 0.8614565111246809
0.09522633559202165 0.9718793889322139
0.573166555515557 0.6052485767414717
0.34030085024761836 0.20816384221443995
0.2898448369922628 0.7250607278741159
0.18695208277542807 0.6529227189210898
0.9902093791979565 0.7615225460828664
0.5272169786767109 0.9190533380714611
0.25270576076313944 0.8476422709538691
0.8622182942436822 0.42491476769023495
0.34976790401882474 0.15606736810730393
0.18897386900681812 0.17850463445060438
0.016957849477161724 0.09382447362015645
0.9199101911217453 0.7187378478740365
0.8979524391770444 0.6294570013728394
0.6421177332850625 0.9683738661911155
0.5334496232425207 0.16579896146994055
0.9970182170351869 0.9845853632799206
0.563824631764496 0.05619373293686192
0.3409965061909842 0.9808555262309172
